test: 9 -1002046450 600834690 -2093753662 -39569254 -1664786054 -76006244 -103628155 647333016 714645953\n
script_answer: 647333016 714645953
checker_answer: -2093753662 -1664786054
test: 12 1984507992 22691948 -2005610711 -180644573 -486683878 -209137207 717433044 328533934 564427279 1748586497 -1415158023 1430442815\n
script_answer: -2005610711 -1415158023
checker_answer: 1748586497 1984507992
test: 12 1854066677 -961307485 1936419684 -2078884149 728273271 -1324167946 1708310881 -1035726176 -982107653 2129696458 2016260429 632134617\n
script_answer: -2078884149 -1324167946
checker_answer: 2016260429 2129696458
test: 10 -1285113078 391372348 820085260 -1633945372 -385809004 -1539841501 343822317 2004169883 -1038422227 -421786121\n
script_answer: 820085260 2004169883
checker_answer: -1633945372 -1539841501
test: 13 805440969 677746947 -1000567467 2096073245 1366533820 1609298883 258742010 -1317884309 -207279936 223250092 533905998 -1414845915 990811698\n
script_answer: -1414845915 -1317884309
checker_answer: 1609298883 2096073245
